0:t4
00000
00000
00100
01110
00000

1:l4
00000
01000
01100
01110
00000

2:o4
00000
00000
11110
01111
00000

0:i3
00000
00000
01110
00000
00000

1:i4
00000
01000
01010
01110
00000

1:dot
00000
00000
00100
00100
00000

1:s4
00000
00000
01100
11110
00000

1:t4
00000
00010
01110
01100
00000

0:v3
00000
00000
01000
01100
00000

0:s4
00000
00000
01100
00110
00000

1:v3
00000
01100
00110
00010
00000

2:i4
00000
01000
01110
01110
00110

1:i2
00000
00000
01110
00100
00000

1:i2
00000
00000
00010
00110
00000

2:v3
00000
01000
01100
01110
01000

2:i2
00000
01110
00100
00100
00000

0:l4
00000
01000
01000
01100
00000

0:i2
00000
00000
00100
00100
00000

0:i2
00000
00000
00100
00100
00000

2:s4
00000
00100
00110
01110
00110

1:i3
00000
00000
01100
01110
00000

1:o4
00000
01000
01000
01000
01110

0:i3
00000
00000
01100
00100
00000

0:o4
00000
00000
01100
01100
00000

1:i3
00000
00000
11111
00000
00000

0:v3
00000
00100
00100
00100
00000

1:v3
00000
00000
01010
01110
00000

2:i3
00000
01100
01100
01110
00000

2:t4
00000
11000
11110
00110
00000

0:i4
00000
01000
01000
01000
01000

1:i2
00000
00100
00100
00100
00000

2:l4
00000
00100
01110
01110
00100